 0.00000000E+000
 0.17236414E-001
 0.34479162E-001
 0.51722495E-001
 0.68962395E-001
 0.86204372E-001
 0.10344484E+000
 0.12068628E+000
 0.13792762E+000
 0.15516873E+000
 0.17240829E+000
 0.18965669E+000
 0.20689565E+000
 0.22413516E+000
 0.24137731E+000
 0.25862026E+000
 0.27586214E+000
 0.29309783E+000
 0.31033831E+000
 0.32758806E+000
 0.34482522E+000
 0.36206956E+000
 0.37930847E+000
 0.39654822E+000
 0.41379452E+000
 0.43103238E+000
 0.44827241E+000
 0.46551702E+000
 0.48275783E+000
 0.50000023E+000
 0.51723894E+000
 0.53448127E+000
 0.55172477E+000
 0.56895965E+000
 0.58620233E+000
 0.60344446E+000
 0.62068686E+000
 0.63793460E+000
 0.65517026E+000
 0.67240856E+000
 0.68965766E+000
 0.70689452E+000
 0.72413482E+000
 0.74137557E+000
 0.75861947E+000
 0.77586541E+000
 0.79310048E+000
 0.81034016E+000
 0.82758815E+000
 0.84482452E+000
 0.86206841E+000
 0.87930886E+000
 0.89655050E+000
 0.91379279E+000
 0.93103131E+000
 0.94827365E+000
 0.96551790E+000
 0.10000000E+001
